# <E>	<m>	crossover points
20.5000	33.0156	34 54 78 107 143 176 
21.5000	33.2188	47 74 99 118 137 189 
21.0000	33.0000	31 69 100 120 142 174 
24.5000	33.1875	34 72 103 137 172 190 
20.5000	33.1406	40 72 106 125 147 202 
18.0000	33.2031	31 54 92 110 143 177 
24.0000	32.7344	45 94 118 136 171 189 
18.5000	33.2812	43 68 88 123 159 178 
21.0000	32.9688	34 54 78 104 127 188 
18.0000	33.2188	31 57 85 119 170 202 
23.0000	33.0156	49 74 94 132 166 187 
20.5000	33.2969	40 74 104 121 158 196 
20.0000	33.1094	47 69 88 110 131 178 
18.0000	32.6406	34 54 78 123 158 178 
22.5000	33.2969	47 79 103 123 171 192 
24.5000	33.2031	48 79 102 136 171 192 
21.5000	33.1094	57 83 110 135 171 196 
18.0000	31.8594	31 52 78 106 123 158 
17.0000	33.3281	31 54 88 123 166 189 
22.0000	33.3438	47 72 102 121 159 189 
20.0000	33.2031	47 69 102 120 170 202 
20.5000	33.1719	47 69 107 125 159 192 
17.5000	32.3906	34 54 79 102 158 202 
18.0000	30.6094	34 54 78 102 120 202 
18.0000	32.1250	70 94 114 143 175 196 
22.5000	33.2031	49 79 117 137 171 190 
21.5000	33.1875	40 70 88 110 132 176 
21.0000	33.3438	35 56 82 117 143 188 
22.0000	33.2812	48 78 110 131 159 190 
18.5000	33.1250	47 88 110 131 174 196 
23.5000	33.0000	40 57 82 114 137 172 
21.0000	32.8281	34 54 79 103 159 188 
20.5000	33.1562	40 56 100 132 163 187 
23.5000	33.3438	43 70 102 119 140 177 
18.0000	33.2500	35 54 88 123 143 182 
21.0000	32.9688	31 79 110 137 172 202 
18.0000	32.8906	35 54 85 127 158 178 
21.0000	33.2031	51 78 103 131 163 182 
18.0000	32.5156	34 86 107 127 174 196 
22.5000	32.8906	40 57 103 121 143 176 
22.5000	33.3438	45 70 100 121 143 188 
21.0000	33.3281	45 70 92 114 147 182 
22.0000	33.1875	34 52 78 104 137 188 
15.5000	32.4844	68 88 109 142 175 196 
23.5000	33.1250	43 69 103 120 142 175 
21.0000	32.7656	35 57 85 106 123 171 
22.5000	33.2656	40 72 110 137 172 202 
18.5000	33.3438	40 68 85 114 147 189 
18.5000	33.2500	35 57 85 110 143 196 
22.0000	33.2969	35 58 86 107 136 177 
18.0000	32.3750	34 54 88 109 132 202 
20.0000	31.8594	34 54 79 103 123 192 
18.0000	33.0781	31 51 85 117 137 192 
20.0000	33.3438	40 68 100 131 171 192 
19.5000	33.2500	35 57 107 131 170 196 
22.0000	33.3281	35 58 100 132 171 202 
17.0000	33.0938	31 68 109 127 170 192 
23.0000	33.1719	35 54 83 104 140 188 
20.5000	33.1094	48 74 94 117 166 187 
19.0000	33.3438	34 69 92 118 147 187 
17.0000	33.2500	43 68 85 120 163 182 
18.5000	33.1250	45 85 109 131 175 196 
21.0000	32.8594	31 69 114 132 166 188 
19.0000	33.2031	35 56 86 132 166 192 
21.5000	32.8750	56 85 106 137 171 190 
19.0000	32.5938	40 92 117 136 170 188 
18.0000	33.2969	35 56 92 117 137 176 
20.5000	33.3438	40 58 94 118 142 177 
17.0000	33.2031	40 57 88 125 174 192 
21.0000	32.6406	34 54 78 100 132 190 
18.0000	32.7500	31 52 75 109 170 192 
22.5000	32.1562	70 92 118 136 172 190 
20.5000	33.2031	31 57 102 121 171 190 
20.0000	33.2031	45 58 94 121 142 192 
19.0000	33.2031	34 56 94 127 158 178 
19.0000	33.3438	35 68 99 120 140 188 
19.0000	33.3438	40 57 100 121 163 188 
21.0000	33.2656	34 74 102 123 171 189 
25.5000	32.8750	43 75 100 118 136 172 
20.0000	33.3125	40 70 99 118 171 192 
21.5000	32.4844	34 52 79 103 120 182 
20.0000	33.2031	31 58 83 107 137 189 
21.5000	32.6562	31 54 109 135 171 189 
21.5000	33.1094	45 58 104 125 174 202 
20.5000	33.3281	48 70 100 125 166 202 
20.0000	33.2344	34 54 88 110 135 177 
19.5000	32.6406	31 51 94 136 170 196 
22.5000	33.2344	34 52 78 107 136 187 
20.0000	33.2969	34 70 92 118 140 178 
19.0000	33.3438	40 68 92 118 137 177 
20.5000	33.1094	47 69 92 110 140 175 
19.0000	33.2656	34 52 88 114 143 178 
18.5000	33.2188	34 56 86 114 171 196 
20.0000	33.1094	31 56 100 135 175 202 
21.0000	33.0312	43 58 94 137 171 202 
25.0000	33.3125	48 72 104 132 174 192 
23.0000	33.2500	47 75 104 121 147 177 
22.0000	33.2344	54 86 109 135 171 190 
18.0000	33.1406	34 75 100 120 170 192 
18.0000	33.1719	43 75 99 125 175 202 
21.5000	33.3438	47 78 104 127 170 192 
22.0000	33.2344	47 79 103 123 174 192 
18.5000	33.3438	34 68 94 121 143 188 
20.5000	33.2031	45 69 109 132 175 196 
17.0000	33.2969	34 70 92 121 166 202 
15.5000	33.3281	31 56 92 121 163 202 
20.0000	33.2031	45 68 85 118 137 189 
25.5000	32.7656	48 70 94 114 135 172 
20.0000	31.2344	34 56 79 103 174 192 
19.5000	33.3438	43 57 94 120 166 189 
21.0000	33.2344	31 68 100 136 172 196 
20.5000	33.3438	47 75 100 121 166 188 
23.0000	33.2656	43 69 106 131 159 182 
20.0000	32.5156	48 72 92 140 174 196 
20.5000	33.0156	34 75 100 119 142 190 
20.5000	32.8906	48 94 114 137 174 192 
21.5000	33.0156	57 83 104 127 170 189 
23.0000	33.2656	49 83 117 136 172 196 
22.0000	33.2344	35 56 82 106 143 182 
19.0000	33.2812	46 75 100 123 158 202 
21.5000	33.3438	35 72 102 127 170 188 
19.5000	33.3438	45 69 86 117 163 189 
18.0000	33.1406	43 72 92 131 175 202 
18.5000	33.3438	43 69 99 121 158 192 
19.0000	33.2031	31 75 100 123 170 190 
18.5000	32.7500	34 85 107 131 174 192 
19.0000	33.3438	35 57 88 117 143 189 
19.0000	33.2656	34 56 100 127 159 192 
21.5000	33.2500	34 74 109 132 171 192 
22.5000	33.3281	47 72 99 132 170 190 
19.5000	33.2344	35 72 102 121 174 196 
22.0000	33.3281	35 72 106 131 166 188 
18.0000	32.1719	34 57 85 140 174 192 
23.5000	33.3281	47 82 103 123 159 190 
19.5000	33.2500	31 56 99 118 140 178 
21.0000	32.8906	31 52 75 114 143 175 
21.0000	33.3438	40 57 86 119 147 187 
19.5000	32.1719	40 99 117 136 171 192 
19.5000	32.8906	40 58 106 123 147 196 
19.0000	33.1875	40 56 99 118 137 177 
21.5000	33.3281	43 58 102 119 159 190 
19.5000	33.2031	31 56 88 117 135 188 
21.5000	33.0156	31 56 103 120 142 178 
20.5000	33.1719	52 75 100 119 159 189 
24.0000	33.2344	46 74 103 120 140 190 
19.5000	32.5156	31 52 78 118 174 202 
19.0000	33.3438	40 58 94 123 170 189 
19.5000	32.9844	35 54 83 131 172 192 
18.0000	33.0156	57 83 109 127 170 196 
21.5000	33.2969	34 69 103 132 163 196 
17.5000	33.3438	31 57 92 120 170 188 
19.0000	33.2500	34 52 86 120 170 189 
19.5000	32.9531	45 58 83 106 159 192 
17.5000	32.8906	34 56 102 123 175 202 
19.5000	33.2656	46 70 92 118 166 187 
17.0000	33.3438	40 58 85 120 163 190 
21.0000	33.0156	51 78 102 119 140 177 
19.5000	33.1406	51 86 107 131 163 182 
22.0000	32.7656	48 72 92 114 132 189 
19.5000	32.5156	34 79 120 140 174 196 
21.5000	33.1094	52 86 107 135 170 202 
19.5000	33.2500	35 70 92 110 137 176 
24.0000	33.1250	40 56 82 104 136 189 
19.0000	33.2344	34 56 99 127 159 182 
21.5000	33.3438	46 74 104 123 159 192 
19.0000	33.1250	34 56 79 117 166 189 
16.0000	33.2812	40 57 85 125 170 196 
16.5000	32.5156	58 85 109 143 175 202 
19.5000	33.0156	51 75 114 142 174 196 
20.0000	32.8906	34 74 117 140 174 196 
20.0000	33.1250	31 52 99 119 140 188 
21.0000	33.3125	51 75 103 127 170 202 
23.5000	33.1875	48 85 107 135 166 187 
17.5000	33.0156	51 92 117 137 171 192 
19.5000	33.2969	46 69 88 117 143 177 
20.0000	33.0938	31 52 100 121 142 188 
19.5000	33.1719	31 69 106 137 175 196 
20.0000	33.2812	52 79 102 121 158 189 
22.0000	32.6406	35 54 83 104 140 202 
17.0000	33.2188	31 54 92 131 170 190 
21.0000	33.1719	49 82 107 125 174 192 
17.5000	33.3281	34 69 86 119 163 192 
22.0000	33.1406	45 74 118 137 175 202 
19.5000	33.0781	46 69 88 110 131 187 
21.0000	33.2031	31 74 106 131 174 192 
19.5000	33.3281	40 57 85 109 142 188 
23.5000	33.3438	45 74 104 123 143 189 
18.0000	33.1406	45 68 85 118 170 202 
20.0000	33.2969	47 70 88 117 159 188 
21.0000	33.0156	34 56 83 106 127 178 
21.5000	33.3125	31 70 103 131 170 202 
22.0000	33.1719	31 74 107 132 163 188 
20.0000	33.2188	34 72 100 132 175 196 
24.5000	33.3438	45 79 107 135 170 189 
20.5000	33.3125	45 70 88 119 163 182 
20.5000	33.1250	31 52 79 120 142 188 
20.5000	31.8594	45 58 120 142 174 192 
20.0000	33.2969	46 69 94 127 163 187 
20.0000	33.2500	51 85 107 131 172 202 
19.5000	32.5000	34 52 82 118 176 202 
21.5000	33.1875	47 78 118 137 171 196 
20.0000	33.2969	49 85 109 127 166 190 
21.0000	33.3281	35 57 85 118 140 176 
20.0000	33.1719	40 69 86 114 147 176 
21.5000	33.2031	49 86 114 140 174 202 
20.5000	33.1719	45 58 94 114 140 192 
18.5000	33.2812	43 57 85 117 163 187 
17.5000	33.1719	34 69 88 117 170 188 
20.0000	32.8125	31 57 88 109 135 170 
21.5000	32.7344	43 57 83 104 159 182 
18.5000	32.5156	43 57 92 142 174 202 
22.0000	33.0156	34 75 103 137 174 202 
21.0000	33.2500	46 69 99 135 174 196 
18.5000	33.1875	34 56 99 132 175 202 
22.5000	33.2969	47 74 100 120 140 187 
18.0000	33.2188	40 57 94 117 163 182 
21.5000	33.3281	47 75 100 121 147 178 
21.5000	33.2969	46 68 100 132 172 196 
20.5000	33.3438	31 54 86 118 147 188 
19.5000	33.2188	35 54 86 123 171 189 
23.5000	33.2969	46 85 110 136 172 190 
24.0000	33.0156	48 70 110 137 172 190 
22.5000	33.0625	45 75 99 120 140 174 
20.0000	32.3750	34 54 78 104 121 188 
20.0000	33.1250	40 72 94 119 174 202 
20.0000	33.1875	31 52 78 118 158 182 
22.0000	33.2344	49 83 117 135 166 192 
18.5000	33.1406	51 75 99 127 174 192 
19.5000	33.1094	35 78 100 123 143 190 
20.0000	33.3438	40 69 100 120 166 190 
24.5000	33.3281	45 82 110 135 171 192 
20.0000	32.8438	40 86 107 127 166 187 
19.5000	32.7031	31 83 107 127 166 202 
19.5000	33.1719	35 54 88 109 132 176 
24.5000	33.2969	48 83 107 136 170 190 
22.0000	32.7656	34 52 79 119 172 190 
24.0000	33.2656	48 70 103 125 172 202 
19.5000	33.2969	51 79 109 135 175 196 
20.0000	33.3281	31 69 100 127 158 190 
21.5000	33.3438	43 70 100 120 159 188 
22.5000	33.2812	49 79 106 137 174 192 
22.0000	33.3281	46 79 103 121 166 189 
19.5000	33.3438	45 75 99 120 159 192 
19.5000	33.2188	46 68 86 120 140 182 
20.5000	33.3438	46 74 100 120 170 190 
22.0000	33.2188	31 54 83 104 137 187 
22.0000	33.3438	45 75 100 121 143 188 
17.5000	31.2344	31 58 83 106 123 143 
19.5000	33.2344	43 57 83 120 163 187 
19.0000	32.7031	31 51 75 123 159 187 
23.0000	33.3125	49 74 106 127 170 189 
23.0000	33.3438	45 69 94 132 170 190 
17.0000	33.0156	40 58 86 121 175 202 
19.0000	33.1406	43 57 86 132 170 196 
21.0000	33.2969	43 75 100 118 158 182 
21.5000	33.3438	47 72 100 127 163 190 
22.0000	33.1094	48 75 106 123 147 176 
22.5000	33.1250	35 75 100 135 166 190 
20.5000	33.2500	48 72 100 119 158 196 
23.0000	32.9688	31 52 85 110 136 171 
21.5000	32.7656	35 79 119 140 174 202 
19.5000	33.1719	48 75 99 123 143 192 
17.0000	33.3281	43 58 86 125 170 192 
19.5000	33.1094	40 56 85 120 140 176 
22.5000	33.1094	46 72 94 114 135 189 
21.0000	32.9375	43 58 83 107 136 196 
20.5000	32.8281	31 68 94 118 137 171 
17.0000	33.0156	43 57 85 109 163 202 
22.0000	33.2656	31 52 82 118 142 178 
22.5000	33.1875	45 68 104 137 171 196 
23.0000	33.3125	43 78 110 136 170 189 
23.5000	33.2344	48 83 106 125 172 190 
20.0000	33.2812	46 68 104 131 163 192 
22.5000	33.3125	51 75 106 132 170 189 
19.0000	33.2500	34 70 99 117 137 188 
21.5000	33.2031	51 85 118 137 172 190 
17.5000	32.6562	31 54 85 109 127 166 
18.5000	33.0000	34 57 109 131 163 188 
21.5000	32.5156	34 52 75 107 132 166 
21.0000	33.2188	47 86 110 140 174 196 
23.5000	33.3438	45 79 104 131 170 190 
24.5000	33.3438	45 78 104 132 170 190 
18.0000	33.2969	31 54 86 123 166 188 
19.5000	33.2344	34 69 92 117 135 176 
16.5000	33.1094	51 88 109 131 159 196 
21.5000	33.3281	35 54 82 110 137 178 
23.5000	33.2969	45 58 94 132 171 190 
24.0000	33.3125	40 68 104 136 172 192 
18.5000	33.3281	31 69 94 125 166 188 
19.5000	32.9844	31 68 110 135 166 192 
20.5000	33.0625	40 68 114 132 171 196 
25.5000	33.3438	48 82 109 135 172 190 
16.5000	33.0938	31 68 88 110 163 182 
17.5000	32.8906	34 56 83 123 158 202 
22.5000	32.7656	47 70 92 118 137 171 
19.5000	33.0156	34 54 94 135 170 196 
21.0000	32.7656	34 52 79 119 172 192 
20.5000	33.0156	34 57 106 123 159 182 
19.5000	33.2500	47 85 114 140 175 196 
21.5000	33.2031	40 56 82 107 142 190 
23.0000	33.2812	49 79 110 132 170 188 
19.0000	32.7656	34 54 82 127 158 182 
20.5000	33.2188	34 75 100 119 147 190 
19.0000	33.1406	46 74 99 117 166 187 
21.5000	33.1250	49 72 99 118 143 177 
18.0000	33.2812	31 52 92 117 142 182 
22.5000	33.3281	45 69 106 127 171 196 
22.5000	33.1719	49 75 110 131 171 189 
16.5000	33.2969	31 68 92 118 147 196 
20.5000	33.3281	40 58 94 118 137 189 
24.5000	33.1250	48 72 110 135 170 188 
21.5000	33.1406	31 52 75 107 137 189 
23.5000	33.0156	49 75 100 118 136 176 
22.5000	33.2656	45 75 100 118 137 187 
20.5000	32.7656	31 54 82 106 123 182 
20.5000	33.3438	40 72 94 118 158 189 
18.0000	33.2656	31 58 86 110 159 192 
21.0000	33.0625	54 85 106 132 163 187 
18.0000	33.3438	31 54 94 121 158 189 
18.5000	33.3125	31 69 86 120 159 188 
23.0000	33.1094	48 75 99 135 166 190 
17.5000	33.2812	34 68 94 118 159 202 
20.5000	33.2344	35 72 107 127 158 192 
23.0000	33.3125	45 83 104 131 163 190 
22.5000	33.2344	34 70 106 137 172 192 
22.0000	32.6406	35 54 103 140 174 196 
22.5000	33.1250	51 74 103 121 171 190 
20.0000	33.3438	43 70 102 125 175 202 
21.5000	33.2188	47 70 102 125 158 177 
19.0000	32.6562	31 85 107 127 171 192 
19.0000	33.2344	35 56 99 120 147 177 
21.0000	33.3281	49 78 106 123 158 187 
24.0000	33.1406	45 78 118 136 170 189 
21.5000	33.2500	48 78 100 132 170 196 
17.5000	33.2031	35 56 85 114 163 202 
23.5000	33.1406	51 83 104 136 171 202 
20.5000	33.1250	40 58 83 107 147 178 
20.5000	33.1250	34 54 102 119 143 189 
20.0000	33.3438	40 57 100 120 159 190 
19.5000	32.7656	31 74 102 120 174 192 
21.0000	33.2812	47 72 92 120 140 182 
19.0000	33.2656	45 68 88 127 172 192 
18.0000	33.2344	46 68 88 123 147 178 
22.0000	32.1719	31 52 110 135 172 192 
21.0000	32.8906	34 52 75 100 137 188 
22.0000	33.2500	46 70 102 137 171 196 
19.5000	33.2188	31 54 85 120 140 188 
24.5000	33.2969	45 74 114 137 172 190 
19.0000	33.3438	43 58 88 118 163 188 
15.5000	33.2344	45 68 85 125 163 192 
24.0000	33.2969	48 75 106 137 172 202 
19.5000	33.2188	47 74 94 123 158 202 
18.0000	33.3438	34 58 92 121 159 182 
20.0000	33.0156	34 54 79 120 142 178 
21.5000	33.3281	35 70 102 121 171 189 
25.0000	33.1562	48 70 107 136 171 202 
18.5000	33.1719	31 56 79 114 159 196 
18.5000	33.3438	40 68 88 117 142 187 
19.5000	33.1094	46 70 109 143 175 202 
20.0000	33.1562	31 52 94 119 137 178 
20.5000	33.2344	34 52 85 107 137 188 
21.5000	32.5156	31 52 79 103 120 170 
26.5000	33.2344	49 75 103 136 171 190 
18.0000	33.3438	35 68 85 110 137 176 
18.5000	32.8594	34 54 78 107 163 182 
22.0000	33.0156	49 79 102 120 142 176 
19.5000	33.0156	51 92 114 132 172 192 
16.0000	32.5156	68 86 120 142 175 196 
17.0000	33.1094	31 58 86 123 174 192 
19.5000	33.2344	46 83 107 125 166 202 
22.0000	32.6562	35 57 82 132 171 189 
22.0000	33.0156	31 52 78 104 137 190 
21.0000	32.8281	34 52 83 104 125 187 
18.0000	33.1250	34 69 88 123 143 176 
22.5000	33.2031	31 52 75 104 137 182 
23.0000	33.1094	43 58 107 137 171 190 
20.0000	33.2969	40 78 104 121 158 192 
17.5000	33.0469	56 88 110 131 163 188 
21.5000	32.6719	40 57 114 132 170 189 
17.5000	33.0938	34 57 92 110 143 202 
18.5000	33.1719	35 70 88 109 143 192 
20.5000	33.3438	40 56 86 118 147 190 
18.5000	33.2500	35 58 86 120 142 192 
23.5000	33.2812	40 70 106 132 163 182 
18.5000	33.3438	31 56 85 114 158 187 
21.5000	33.1719	40 72 103 120 174 196 
23.5000	33.2656	51 82 106 135 166 188 
22.5000	33.2188	48 72 94 119 137 178 
23.5000	33.2500	48 79 104 127 158 178 
20.0000	31.8594	40 57 82 137 171 192 
22.5000	33.3438	43 72 104 125 158 188 
19.0000	33.2031	35 74 100 118 166 196 
21.0000	33.3281	43 69 94 114 142 176 
20.0000	32.9375	45 58 88 136 170 192 
22.0000	33.2656	48 70 103 125 163 202 
22.5000	33.0156	40 75 104 121 143 175 
20.0000	32.1719	70 94 117 137 172 202 
20.5000	33.2188	49 72 99 117 147 190 
18.5000	33.3438	34 56 88 120 147 189 
20.0000	32.8750	31 52 88 117 135 190 
22.0000	33.2344	43 79 103 120 163 187 
23.0000	33.1094	49 72 103 120 170 188 
21.0000	33.1406	43 58 92 110 135 190 
22.5000	33.3438	43 72 104 125 166 189 
20.5000	33.3281	40 75 106 125 171 196 
17.5000	33.1406	34 68 85 118 147 176 
21.0000	33.0156	31 52 94 132 166 188 
19.0000	33.3438	43 70 92 127 163 188 
19.5000	33.0469	31 52 75 107 159 192 
20.0000	32.7500	31 52 88 117 137 171 
20.5000	33.3438	45 68 100 119 158 189 
23.5000	33.2188	47 69 103 121 142 187 
19.5000	33.3438	34 70 100 123 170 189 
24.5000	33.2031	35 74 103 137 171 190 
20.0000	33.3438	45 70 92 123 158 187 
21.0000	33.3281	34 57 82 109 140 178 
21.0000	33.1094	43 58 99 118 172 190 
22.0000	33.1562	47 83 104 125 147 177 
17.5000	33.2969	31 51 92 120 159 190 
17.0000	33.0781	40 56 82 125 170 196 
18.5000	33.2969	46 78 100 120 170 192 
19.0000	33.3438	35 69 92 110 147 188 
24.5000	33.2656	48 75 103 127 159 178 
21.5000	33.0312	56 88 118 136 171 189 
17.0000	33.2188	31 69 99 123 147 196 
20.5000	31.2344	31 99 118 136 171 189 
23.5000	33.2656	47 70 99 132 171 189 
22.5000	33.0156	49 82 103 123 147 202 
17.5000	33.3438	35 68 92 119 158 182 
21.0000	33.2500	34 72 107 131 171 202 
20.0000	33.2344	34 57 83 119 170 190 
18.5000	30.9219	78 100 119 143 175 202 
22.0000	33.1250	52 78 103 120 143 182 
21.5000	33.3281	45 72 106 131 175 196 
21.5000	33.3281	45 58 94 119 142 177 
20.0000	33.2031	34 58 107 127 171 196 
17.5000	33.2188	34 70 99 125 158 202 
20.5000	33.3438	47 79 102 125 163 188 
18.5000	33.3438	35 56 86 117 163 189 
18.0000	33.2031	34 70 88 114 163 190 
20.5000	33.3438	43 57 85 110 147 189 
20.0000	33.1562	49 72 94 125 174 202 
19.0000	32.3750	69 94 117 135 175 202 
17.5000	33.1250	35 68 85 121 147 177 
22.0000	33.3438	47 74 100 131 171 202 
21.0000	33.3438	43 70 92 114 140 188 
21.0000	33.2969	43 70 100 120 143 202 
19.5000	33.3438	40 70 100 120 170 202 
19.0000	33.2031	43 58 85 117 171 190 
18.5000	33.2344	34 72 99 121 143 192 
23.5000	32.8906	34 79 102 135 171 189 
19.0000	32.8906	35 58 83 107 125 177 
18.0000	33.3125	31 58 88 118 143 196 
23.0000	33.1875	47 79 103 123 143 176 
18.5000	32.8438	31 51 82 107 163 202 
18.0000	33.1250	51 88 110 131 166 190 
20.0000	33.0156	47 72 92 118 140 196 
19.5000	33.2031	43 68 106 123 166 202 
25.0000	33.0156	49 74 114 136 171 189 
17.5000	33.0625	45 68 85 127 158 187 
16.5000	32.8906	34 52 85 123 175 202 
21.0000	33.1094	45 69 86 131 172 190 
21.0000	33.2188	31 70 100 120 140 188 
19.0000	33.2500	43 57 88 110 158 182 
20.5000	33.1875	51 82 117 136 175 202 
18.5000	33.2969	34 57 92 118 159 178 
18.0000	33.2500	40 57 85 123 166 187 
20.5000	33.3438	40 74 102 123 171 196 
16.0000	33.1719	31 58 85 125 170 189 
22.0000	33.2344	45 75 106 123 158 177 
19.0000	33.1250	35 54 88 118 172 192 
22.0000	32.7031	40 57 83 106 132 166 
19.5000	33.1250	47 70 88 114 142 196 
19.0000	32.9688	47 69 94 114 170 202 
18.0000	31.5469	34 52 79 137 176 202 
21.5000	33.3438	46 78 107 131 159 187 
22.0000	33.2500	48 75 106 125 147 178 
21.5000	32.8438	46 94 117 135 172 202 
18.0000	33.2969	34 54 92 119 159 182 
20.0000	33.1094	34 52 85 120 140 176 
20.0000	33.3281	40 69 88 109 140 178 
18.5000	33.3438	34 58 85 110 137 177 
20.0000	32.8906	34 54 94 118 172 190 
23.0000	33.2500	31 58 103 135 170 192 
24.5000	33.2031	48 72 103 137 174 202 
21.5000	33.1719	31 52 78 110 132 182 
21.5000	32.8906	51 74 104 123 143 176 
23.5000	33.2656	49 83 117 136 172 192 
20.5000	33.3438	35 70 102 121 158 182 
18.5000	33.2656	35 58 85 118 158 177 
21.5000	33.2969	31 57 100 127 172 190 
21.5000	32.8906	49 78 100 120 140 175 
21.0000	33.1094	54 82 104 123 166 187 
24.0000	33.2344	31 54 82 104 136 178 
18.5000	33.3438	34 68 102 123 170 190 
19.0000	32.8750	40 68 117 136 175 196 
22.0000	33.3281	47 79 110 136 170 196 
20.5000	32.8125	31 54 85 114 132 170 
23.0000	33.2500	34 58 104 135 174 202 
19.0000	33.3438	40 57 88 119 158 188 
19.0000	32.6562	31 54 83 104 166 192 
21.0000	33.3281	46 70 99 125 172 190 
23.5000	32.2969	40 57 82 103 132 202 
22.0000	33.2188	35 82 103 125 170 190 
21.5000	33.1250	40 79 102 121 143 190 
21.5000	33.2812	49 79 109 131 159 187 
21.5000	33.0469	47 78 100 118 171 189 
22.5000	33.3438	45 72 106 125 171 202 
19.0000	33.1719	31 52 100 125 166 188 
22.0000	32.5156	48 74 94 117 136 202 
20.0000	33.1250	48 72 92 131 166 189 
17.0000	32.4062	35 92 110 132 163 192 
19.0000	33.1875	35 56 85 127 171 189 
19.0000	32.8438	31 79 102 123 163 182 
21.0000	33.3438	45 72 100 121 171 196 
20.5000	33.3438	46 68 100 127 172 192 
19.0000	33.3438	46 69 92 123 159 188 
18.0000	32.5938	43 57 88 109 172 196 
19.5000	32.5938	31 54 79 102 123 188 
19.5000	33.3438	35 69 100 121 158 190 
24.0000	33.3438	43 69 104 127 171 189 
18.0000	33.2031	40 58 92 114 166 187 
20.5000	33.2188	31 57 104 131 170 202 
22.5000	33.2188	48 72 94 118 137 177 
22.5000	33.3281	48 79 106 123 147 187 
21.0000	32.9688	31 56 107 132 163 189 
19.5000	33.2188	47 72 92 127 158 187 
20.5000	32.9531	34 52 86 107 131 188 
22.5000	33.2188	48 70 103 125 174 196 
22.0000	33.2812	49 75 104 123 166 187 
19.5000	32.8750	34 54 106 127 166 202 
23.0000	33.3281	35 70 100 135 171 192 
20.0000	30.9219	31 51 74 104 121 202 
22.0000	33.1250	34 52 83 118 140 175 
21.5000	33.1094	31 52 75 114 140 177 
18.5000	33.2500	40 56 99 131 166 188 
20.5000	33.2031	49 85 119 137 174 196 
18.0000	33.2812	35 54 99 120 166 189 
23.0000	33.2500	40 70 104 140 174 196 
19.0000	33.0156	35 56 94 117 171 189 
20.0000	33.3438	43 74 99 125 158 187 
25.0000	33.2656	48 83 117 135 172 190 
19.5000	32.9375	57 92 110 132 170 189 
23.5000	33.3438	40 72 103 127 166 187 
23.5000	33.3281	51 79 104 135 171 192 
19.0000	32.9531	45 88 109 131 174 192 
20.0000	33.2031	35 70 99 121 143 175 
20.0000	33.2812	46 85 107 127 163 190 
20.0000	33.2188	46 86 117 137 174 202 
20.5000	33.3281	48 74 99 127 170 192 
18.0000	33.3438	40 68 94 131 166 196 
19.0000	33.3125	43 58 92 131 159 188 
16.5000	31.8594	35 99 118 142 175 196 
20.0000	33.2500	47 69 92 120 171 190 
16.5000	32.3438	69 86 109 131 175 196 
18.5000	32.7656	45 58 83 125 147 177 
21.0000	33.3438	40 58 103 125 163 188 
18.0000	33.3438	47 75 99 121 166 196 
17.0000	33.1094	40 56 83 125 170 202 
21.0000	33.1406	56 82 109 135 166 192 
22.0000	33.2344	46 82 104 125 147 178 
23.0000	32.8906	48 94 117 135 171 190 
19.0000	33.0156	34 52 94 117 142 176 
19.0000	33.2656	31 52 85 114 142 192 
19.5000	32.7344	40 56 83 107 171 192 
19.5000	33.2969	40 70 92 110 159 190 
19.5000	33.2344	31 56 94 127 159 182 
19.5000	32.1719	70 88 117 137 172 192 
20.5000	33.0156	34 75 100 120 140 189 
21.5000	33.2969	51 82 106 127 172 196 
19.0000	31.8594	34 56 118 140 175 202 
23.5000	33.2812	48 72 106 132 166 196 
22.0000	33.3438	47 74 102 127 163 188 
20.5000	33.2656	46 70 106 125 158 192 
22.0000	33.3125	31 70 103 120 159 190 
19.0000	33.0156	40 68 86 121 143 175 
20.0000	33.0156	47 70 88 109 147 176 
23.0000	33.2188	34 72 107 137 172 190 
20.0000	33.1094	34 69 109 127 171 189 
20.0000	33.3438	35 78 104 127 163 192 
24.0000	33.3281	48 79 107 132 166 187 
19.0000	33.1719	31 72 92 114 147 190 
20.0000	33.1250	35 54 94 118 137 176 
18.0000	33.1875	51 85 106 125 158 192 
20.0000	33.1250	51 75 110 131 166 188 
18.5000	32.9844	31 56 83 131 172 196 
22.0000	33.1250	47 72 102 120 140 192 
19.5000	33.0156	40 56 100 120 142 176 
20.5000	32.8906	31 52 102 120 142 189 
16.0000	33.2812	35 56 88 123 163 202 
22.5000	32.8125	34 52 79 103 131 170 
21.0000	33.2969	34 56 82 117 140 187 
23.5000	33.1094	34 57 82 103 140 188 
18.5000	33.0156	43 58 83 121 147 196 
20.5000	33.0000	35 54 104 127 166 202 
22.5000	33.3438	40 75 106 132 170 202 
24.0000	33.3438	49 82 107 132 166 189 
23.0000	33.3281	45 78 110 137 171 189 
24.5000	33.3438	45 75 103 125 172 190 
23.5000	33.3438	45 70 103 120 158 182 
22.0000	33.2656	40 72 94 132 163 189 
19.0000	33.2500	35 56 86 117 158 177 
20.5000	32.8438	40 72 92 137 171 190 
15.0000	33.1406	31 68 99 117 166 196 
21.0000	33.2031	35 69 104 121 143 192 
20.5000	32.7656	34 54 104 125 159 178 
16.5000	33.3281	34 68 92 127 170 188 
18.0000	32.5156	34 58 83 135 175 202 
17.0000	33.3438	40 56 92 120 158 190 
20.5000	32.8906	35 54 82 104 163 190 
18.5000	33.0938	45 72 92 127 176 202 
21.0000	33.2969	46 83 109 135 166 196 
21.5000	33.2500	48 78 100 127 158 182 
20.5000	33.2500	49 78 100 131 163 188 
23.0000	33.2344	35 58 83 104 136 178 
18.0000	33.0156	40 57 85 121 174 192 
20.0000	32.6406	31 79 106 142 175 202 
21.0000	33.2969	40 58 85 107 136 182 
22.0000	33.1406	35 83 110 132 171 202 
20.0000	33.2500	34 52 83 117 159 182 
20.0000	32.8125	35 56 85 135 170 188 
20.0000	33.3438	46 68 94 119 142 178 
19.0000	32.2969	31 58 83 106 123 189 
20.5000	33.2656	34 54 83 119 159 182 
21.0000	32.9688	31 56 107 127 171 190 
22.5000	33.2969	45 74 94 119 142 176 
21.5000	32.8906	40 56 82 106 125 174 
21.0000	33.3281	40 57 94 119 140 189 
20.5000	32.8906	31 56 79 104 125 177 
16.5000	32.9375	34 68 86 117 174 192 
17.0000	33.2969	34 68 92 120 172 202 
23.0000	33.1406	48 78 118 137 172 192 
20.0000	33.1250	34 70 99 136 175 202 
18.0000	33.2188	34 75 102 120 166 196 
19.0000	32.1250	31 52 85 140 172 202 
20.5000	33.2656	35 78 107 135 175 196 
21.0000	33.3438	48 78 102 123 158 187 
23.0000	33.3125	35 74 107 135 174 192 
19.5000	33.1250	34 75 110 142 174 196 
21.5000	32.1562	70 100 119 137 172 202 
20.0000	33.1250	35 68 106 125 159 178 
18.0000	33.3438	35 69 92 120 158 182 
21.5000	33.0938	35 72 94 114 132 187 
24.5000	33.1250	43 58 104 137 172 190 
19.5000	33.3438	45 68 99 117 147 190 
19.5000	33.3438	34 58 103 125 170 196 
19.5000	33.2344	34 56 100 118 159 187 
21.5000	32.4531	31 52 82 106 171 190 
18.0000	32.6406	40 56 104 123 175 196 
17.0000	32.7500	34 52 79 125 163 202 
21.5000	33.0156	34 83 110 135 174 202 
19.5000	32.8906	40 56 94 137 172 196 
20.5000	33.2656	46 78 102 123 147 177 
22.5000	33.2344	43 57 82 107 143 189 
20.5000	33.2500	51 75 106 131 159 192 
18.0000	33.2969	40 70 88 125 171 196 
17.0000	33.3281	31 69 99 121 170 202 
21.0000	33.1562	34 52 83 120 140 188 
24.0000	33.2969	46 75 100 135 171 190 
21.0000	33.3438	43 70 94 117 147 182 
20.5000	33.3438	40 72 94 117 147 189 
25.0000	32.7656	49 74 94 136 172 190 
21.5000	33.2188	46 69 86 109 135 178 
19.0000	33.0156	49 92 121 142 174 202 
21.5000	33.1562	31 75 104 125 171 189 
21.0000	32.8281	34 52 83 104 125 187 
20.5000	33.2500	48 83 104 123 163 196 
20.0000	33.2344	40 56 92 118 136 176 
23.5000	33.1875	48 70 100 119 140 177 
20.0000	33.2500	47 69 99 131 159 192 
18.5000	33.2031	45 69 92 123 143 196 
20.0000	32.7656	51 74 117 142 174 192 
17.5000	33.2500	34 56 85 131 166 189 
20.5000	33.2812	46 69 94 120 142 176 
18.0000	33.0156	31 74 94 123 147 196 
17.5000	32.7188	35 54 88 114 174 192 
20.5000	33.2969	43 69 99 121 142 175 
19.0000	33.2969	45 68 85 117 137 177 
19.0000	32.8906	35 58 83 121 147 176 
19.5000	33.1406	51 74 94 117 143 187 
24.5000	33.3438	40 82 109 135 172 190 
21.5000	33.3438	40 69 102 131 166 187 
22.0000	33.0938	43 57 107 131 172 192 
23.0000	33.2969	48 82 109 132 163 187 
18.5000	32.8281	31 52 83 131 174 192 
23.0000	33.2812	40 70 94 135 166 189 
19.5000	33.2031	31 51 86 121 143 182 
20.5000	33.3438	35 69 102 131 163 187 
19.0000	33.2188	35 54 82 117 166 192 
17.5000	33.2969	40 56 94 123 171 196 
17.5000	33.3438	40 58 94 123 163 192 
22.5000	32.7656	51 82 103 121 143 175 
19.0000	33.2812	35 68 92 117 135 188 
23.5000	33.0625	31 79 107 135 171 189 
22.5000	33.2969	47 69 103 123 170 189 
21.5000	32.1719	70 92 114 135 171 190 
21.0000	32.8906	34 52 99 118 136 188 
21.0000	33.1406	43 85 107 136 175 202 
17.0000	33.3438	34 68 94 120 163 190 
17.0000	32.8125	43 92 119 137 175 196 
19.5000	33.1562	45 58 85 121 142 178 
20.0000	32.8906	51 94 117 136 171 192 
23.0000	33.2969	45 79 114 136 170 192 
19.5000	31.8594	35 56 79 106 127 158 
17.0000	32.7344	45 58 92 117 175 202 
19.5000	33.1406	35 56 100 121 172 192 
20.5000	33.3438	40 69 92 119 140 178 
23.0000	33.3438	43 75 104 127 158 182 
17.0000	33.3438	31 57 88 125 166 188 
23.5000	33.3438	45 75 107 132 171 196 
23.0000	33.3438	43 72 100 127 171 189 
21.5000	33.1250	35 82 104 125 147 187 
17.5000	33.2812	31 68 88 109 137 182 
20.5000	32.8906	31 74 94 119 137 176 
22.5000	33.0156	40 57 82 104 127 176 
19.5000	32.6406	40 83 121 143 175 202 
24.5000	33.3281	47 74 103 131 159 182 
19.5000	33.0156	51 78 100 127 158 177 
18.5000	33.3438	34 58 92 121 171 190 
19.5000	31.8594	31 57 82 106 123 192 
20.5000	32.8750	47 94 120 140 174 192 
19.0000	33.3281	35 69 92 121 143 190 
17.5000	32.1562	31 52 85 107 125 159 
20.0000	33.3438	40 78 102 125 158 188 
20.5000	33.3438	46 75 109 136 175 196 
19.5000	33.2969	35 74 94 119 159 192 
22.5000	33.3281	43 82 103 125 163 188 
20.5000	33.2188	35 57 100 121 142 190 
19.0000	33.0156	34 58 83 118 137 192 
24.5000	33.2031	51 75 103 135 172 202 
21.5000	33.3438	35 69 102 119 143 182 
19.5000	33.2656	52 78 100 121 159 188 
21.0000	33.2500	31 52 83 119 159 182 
18.5000	31.8594	31 54 82 106 123 158 
22.0000	33.2812	47 82 104 121 163 187 
21.5000	33.2031	47 82 103 120 170 196 
21.5000	33.1719	46 82 106 123 158 177 
21.0000	33.0000	46 70 88 135 170 189 
20.5000	33.2188	48 78 102 127 175 202 
21.0000	33.2656	35 69 88 110 135 182 
22.5000	33.2969	46 74 102 119 137 187 
23.5000	33.3438	40 74 104 127 172 192 
20.5000	32.8438	31 56 109 135 166 189 
24.0000	33.2812	49 72 102 127 172 190 
22.0000	33.0156	45 83 120 140 172 196 
20.0000	33.2344	34 56 100 132 166 192 
21.5000	33.3281	35 57 86 119 140 189 
18.0000	33.3438	40 68 92 121 159 190 
24.5000	33.2500	47 70 102 136 170 190 
20.5000	33.1094	49 88 117 135 174 202 
19.5000	33.1719	43 68 85 119 137 189 
20.0000	33.3281	43 72 92 118 170 190 
20.0000	32.7656	34 56 83 121 143 175 
22.5000	33.3438	40 72 103 125 147 182 
20.0000	33.3281	35 56 85 114 143 177 
21.5000	33.3438	49 74 102 125 158 189 
20.0000	33.3438	34 57 86 114 142 188 
22.5000	33.1875	54 79 104 127 171 189 
20.0000	33.3438	43 57 92 118 147 182 
21.0000	33.2656	40 56 102 127 171 189 
20.5000	32.6094	40 57 114 132 174 196 
19.5000	32.8906	31 58 83 106 140 196 
22.5000	32.7656	40 83 104 127 158 177 
22.0000	33.2031	46 68 106 127 171 189 
21.0000	33.1406	31 79 106 127 170 189 
18.0000	33.2344	31 54 92 110 147 182 
19.0000	33.2969	46 69 99 127 174 196 
20.5000	33.2188	40 74 100 120 147 202 
23.5000	33.2500	49 79 114 135 166 189 
18.0000	33.1562	43 57 88 131 174 192 
19.5000	32.8906	52 94 119 140 174 196 
19.0000	33.2344	51 82 109 127 166 202 
20.5000	33.1719	49 72 94 125 147 182 
19.0000	32.7656	49 99 120 142 174 196 
23.5000	33.2344	47 82 106 127 159 178 
19.5000	33.1406	34 57 107 125 166 189 
19.5000	33.2812	35 69 88 121 142 178 
21.0000	32.4531	35 56 83 136 170 189 
18.5000	32.6406	34 52 75 120 158 202 
19.5000	33.1875	40 78 102 120 159 202 
21.0000	33.2188	35 57 85 106 137 189 
20.5000	33.0469	34 52 104 127 170 192 
22.0000	33.0938	31 51 75 103 131 182 
17.5000	31.5469	31 94 117 137 172 196 
20.5000	33.2188	47 78 102 120 172 196 
19.5000	33.0156	31 52 94 120 143 176 
16.5000	33.2188	31 57 92 123 174 196 
19.5000	33.3281	46 72 99 117 159 188 
20.0000	32.6562	35 58 86 117 135 166 
21.5000	33.1719	49 72 107 125 166 190 
22.5000	33.1875	48 79 103 120 159 202 
19.0000	33.3125	43 68 106 123 163 192 
23.5000	33.1094	48 79 103 120 172 202 
22.5000	33.2344	35 54 79 104 137 182 
22.0000	33.1250	35 54 79 110 137 174 
22.0000	33.1094	51 79 102 135 174 202 
23.5000	32.8906	47 74 119 137 172 192 
20.5000	33.3438	43 58 99 118 142 189 
17.0000	33.1406	31 54 88 131 166 187 
21.5000	33.3438	46 74 100 123 171 190 
17.0000	32.4844	34 56 94 143 175 202 
21.5000	33.2031	45 72 110 142 175 202 
21.5000	33.2812	45 78 103 120 166 202 
20.0000	33.2500	35 56 94 119 137 188 
20.0000	33.2656	47 69 94 123 158 178 
21.0000	33.2812	34 57 85 114 135 177 
20.0000	32.7656	47 70 94 117 137 202 
18.5000	33.2969	40 68 92 121 143 176 
22.5000	33.2812	45 70 94 118 171 189 
20.5000	33.1250	34 75 100 118 137 178 
19.0000	33.2344	31 57 94 131 163 187 
23.0000	33.3125	35 68 104 135 166 189 
19.0000	33.0781	34 52 85 106 158 189 
17.5000	32.9219	31 57 85 109 171 192 
21.5000	33.0156	57 83 104 131 170 189 
22.0000	33.1875	34 57 106 127 171 189 
21.5000	33.1875	51 74 102 127 159 182 
24.5000	33.2344	34 74 103 136 171 192 
21.5000	32.1719	40 58 119 140 172 192 
25.5000	33.0938	45 72 99 118 136 172 
19.5000	31.8594	34 56 82 103 125 158 
21.0000	33.3438	46 70 102 120 158 190 
21.0000	32.8750	31 51 78 110 132 189 
21.0000	33.0781	54 78 103 120 159 187 
22.0000	33.2188	35 72 99 135 166 189 
20.5000	33.3281	45 68 88 119 147 177 
21.0000	33.2812	35 58 83 118 140 177 
21.0000	33.3438	46 75 104 123 163 188 
21.5000	32.8906	34 54 102 136 171 196 
21.0000	33.1094	40 70 99 140 174 202 
20.0000	33.0781	40 72 110 131 176 202 
18.5000	33.0156	35 54 94 114 166 188 
21.5000	33.1250	35 74 100 120 172 190 
21.0000	33.3281	43 70 88 109 140 187 
22.0000	33.2500	45 58 94 117 136 178 
20.0000	33.3438	35 74 102 120 163 190 
19.5000	33.2656	47 70 88 118 159 196 
18.0000	33.2344	31 57 102 125 163 202 
21.5000	33.2969	43 82 106 125 159 192 
17.5000	33.2812	34 69 92 127 158 188 
21.5000	32.3750	31 52 79 103 120 187 
22.5000	33.2969	46 72 100 118 140 176 
18.5000	33.1719	46 68 92 132 163 189 
19.5000	33.1875	31 68 94 117 135 178 
20.5000	33.1094	31 72 109 131 159 182 
21.5000	33.3438	43 70 94 114 143 182 
23.0000	33.3281	48 74 100 118 143 187 
19.0000	33.3438	34 69 100 121 158 188 
20.0000	33.2656	43 57 83 121 166 190 
18.5000	33.2656	34 57 99 127 163 182 
18.0000	33.1250	51 88 109 135 170 196 
17.5000	33.1250	31 54 94 117 142 192 
18.5000	30.9219	34 54 78 140 174 192 
20.0000	33.2969	40 57 86 117 171 190 
17.5000	33.3438	34 69 88 121 163 188 
17.0000	33.2031	31 58 83 119 163 196 
20.0000	33.2344	35 74 94 117 137 182 
21.0000	33.0938	31 51 83 106 131 182 
22.5000	33.2969	47 74 94 118 140 187 
21.0000	33.1875	34 52 78 107 143 178 
21.5000	33.3438	47 82 109 127 166 190 
20.0000	33.3281	51 79 106 123 166 189 
20.0000	31.8594	72 92 118 140 172 202 
17.5000	33.3281	35 57 99 119 163 192 
18.5000	32.6875	40 57 86 109 127 166 
19.0000	33.1875	31 54 79 119 159 196 
21.5000	33.2656	51 79 107 136 170 202 
20.0000	33.1250	51 78 100 119 147 178 
18.5000	33.3438	45 58 92 119 166 192 
21.5000	32.8906	34 52 75 104 142 192 
22.5000	32.6406	31 79 103 137 171 192 
21.0000	33.2500	35 72 109 135 175 202 
18.5000	32.4531	34 56 83 136 175 196 
24.0000	33.2188	46 69 106 137 172 190 
22.0000	33.1562	47 83 104 125 147 177 
19.5000	33.2188	47 72 92 110 158 187 
21.0000	33.1094	49 78 100 135 175 196 
18.5000	33.3438	34 58 92 121 142 188 
23.0000	33.2344	49 83 107 140 172 192 
18.5000	33.3281	31 54 94 118 158 189 
22.5000	33.1094	31 57 83 104 140 177 
20.5000	31.8594	45 58 120 140 174 196 
18.0000	33.1562	31 75 99 125 170 190 
18.5000	30.6094	34 52 75 140 175 202 
21.0000	33.2344	43 57 94 119 137 176 
21.5000	33.2812	34 58 86 118 136 178 
19.0000	33.3281	34 57 102 121 163 188 
20.5000	33.2031	31 69 106 125 159 182 
20.0000	33.3281	51 78 107 127 170 190 
22.0000	33.1406	43 82 104 121 163 182 
24.5000	33.1406	40 57 82 103 132 176 
24.0000	33.3281	43 69 103 135 166 196 
19.0000	33.2500	43 70 88 125 172 196 
22.0000	32.7656	31 52 78 103 123 174 
22.0000	33.0469	56 82 103 123 147 188 
20.0000	33.3281	47 69 88 118 158 190 
19.5000	32.8906	31 58 85 106 142 175 
21.5000	33.1875	43 58 103 121 159 202 
23.5000	33.1719	34 52 75 106 135 177 
18.0000	33.3125	47 75 99 120 170 196 
21.0000	33.2969	45 68 92 114 136 182 
20.5000	33.1094	49 75 99 117 140 189 
24.5000	33.2969	45 82 106 136 170 192 
20.5000	33.0156	49 75 99 117 140 190 
19.5000	33.3438	40 58 99 120 142 178 
22.0000	33.2656	40 82 104 121 158 189 
23.0000	33.0156	31 54 82 104 140 190 
17.0000	32.8594	34 52 78 123 166 196 
19.5000	33.2969	34 57 86 121 142 187 
19.0000	32.8281	34 58 114 140 175 202 
20.5000	33.1094	51 79 103 120 159 202 
23.0000	32.8125	31 54 107 136 171 190 
18.5000	33.3438	34 57 94 118 163 189 
17.0000	33.1719	31 72 92 120 170 192 
19.5000	32.3750	69 88 109 131 172 190 
21.0000	33.2969	46 83 109 131 159 188 
18.5000	31.2344	31 51 78 102 172 202 
21.5000	33.1719	46 72 92 110 136 189 
17.0000	32.7656	34 54 78 123 159 196 
19.5000	33.2500	43 57 85 119 147 196 
18.5000	33.1250	51 88 114 135 175 202 
20.5000	33.2812	40 69 104 121 170 202 
22.5000	32.8281	43 68 85 118 136 171 
22.0000	33.2031	31 57 107 132 170 190 
24.0000	33.3438	43 69 107 132 172 202 
20.5000	33.2188	46 79 118 137 175 202 
24.0000	32.7656	48 72 92 110 132 172 
20.5000	33.0156	34 75 114 140 174 192 
19.5000	33.2344	34 56 82 109 159 187 
18.0000	33.2031	43 57 88 110 166 192 
22.0000	33.2656	40 57 82 118 142 178 
24.0000	33.3281	48 74 106 132 170 202 
22.5000	33.1250	34 74 103 121 142 177 
19.5000	33.2969	47 75 99 121 171 202 
21.0000	33.2188	40 70 114 137 174 202 
19.0000	32.1562	70 99 117 140 174 202 
23.0000	33.1719	45 85 107 132 166 187 
21.5000	33.3281	43 72 99 119 142 176 
17.0000	33.2031	34 52 92 117 143 192 
17.0000	33.3281	34 69 92 127 163 189 
23.0000	33.3438	40 72 103 123 143 182 
19.0000	33.2344	34 57 85 121 171 190 
22.0000	33.2344	48 75 100 121 147 177 
20.0000	33.3438	34 57 102 125 159 189 
22.0000	33.2344	35 56 82 119 143 190 
22.5000	32.7500	47 69 88 136 172 190 
18.0000	33.3438	40 68 92 121 159 190 
21.5000	33.3438	46 75 103 125 171 196 
23.0000	33.1250	48 75 103 121 147 202 
19.0000	33.1875	51 85 107 127 163 182 
21.0000	33.2969	40 57 85 117 136 176 
20.0000	33.3438	46 68 100 125 171 189 
19.0000	33.2812	34 56 94 121 142 178 
21.5000	33.0156	48 75 100 118 143 202 
21.5000	33.2500	40 75 110 131 172 192 
19.5000	33.2656	31 52 82 117 163 190 
22.0000	33.2031	46 74 94 117 136 176 
20.5000	33.3281	35 72 107 125 166 190 
22.0000	32.3438	43 57 117 140 172 190 
22.5000	33.2344	47 79 118 140 174 192 
21.0000	33.1406	46 74 106 143 175 202 
21.5000	33.3438	45 69 100 125 159 178 
20.0000	32.7656	34 52 92 136 172 192 
22.0000	32.6406	31 52 82 103 121 176 
16.5000	33.3438	45 68 92 123 163 196 
21.0000	33.2500	46 69 99 135 166 192 
22.5000	33.2031	48 70 102 121 172 192 
20.0000	33.3281	40 74 99 123 143 182 
17.5000	33.3438	35 68 99 123 158 189 
21.0000	33.1875	40 75 109 131 159 178 
19.0000	32.7188	40 58 83 135 170 192 
18.0000	32.8906	31 56 83 121 174 196 
20.5000	33.3281	46 74 94 127 163 188 
20.0000	33.1719	34 70 107 137 176 202 
20.0000	33.1094	48 79 106 123 175 196 
20.0000	32.8906	34 52 78 119 170 189 
21.0000	33.2344	47 83 118 140 175 196 
20.5000	33.2344	46 70 94 123 143 176 
25.0000	33.2344	47 69 106 136 172 192 
20.0000	32.5156	34 52 83 106 170 188 
19.0000	33.2031	49 74 99 125 174 196 
22.0000	33.2500	43 86 114 135 171 192 
24.5000	33.3438	40 70 102 132 171 189 
19.5000	32.8906	34 75 102 137 175 202 
19.0000	33.2188	31 52 88 120 142 177 
19.5000	33.1406	54 85 117 135 174 196 
18.5000	33.2031	31 54 85 118 142 196 
16.5000	33.1562	34 52 88 125 174 192 
21.5000	33.3281	45 72 92 118 142 176 
20.0000	33.1562	46 82 107 125 158 202 
19.5000	33.3438	34 69 94 120 142 178 
21.5000	33.3125	43 72 94 132 170 196 
22.0000	33.3438	40 57 82 110 140 182 
18.5000	33.0156	31 75 99 118 158 178 
18.0000	33.1562	34 70 88 125 159 178 
19.5000	33.3281	40 68 100 119 170 189 
20.0000	33.1875	31 52 92 110 136 178 
20.0000	33.2656	34 75 102 127 163 187 
20.5000	33.1094	48 70 92 114 147 176 
18.5000	33.2969	46 78 102 121 158 196 
# Finished in 26.27 seconds (1000 libraries, 128000 chimeras)
