# Fields are number, contacting residues i & j (in library coordinates), and residues i & j (in PDB coordinates)
# n	i	j	pdbi	pdbj
0	0	1	11	12
1	0	2	11	13
2	0	4	11	15
3	0	30	11	42
4	0	31	11	43
5	1	2	12	13
6	1	4	12	15
7	2	3	13	14
8	2	4	13	15
9	2	5	13	16
10	2	6	13	17
11	2	210	13	218
12	2	213	13	221
13	2	214	13	222
14	3	4	14	15
15	3	5	14	16
16	3	6	14	17
17	3	31	14	43
18	3	32	14	44
19	4	5	15	16
20	4	31	15	43
21	4	33	15	46
22	5	6	16	17
23	5	33	16	46
24	6	7	17	18
25	6	33	17	46
26	7	8	18	19
27	7	9	18	20
28	7	33	18	46
29	7	34	18	47
30	7	36	18	49
31	7	86	18	103
32	7	88	18	105
33	7	121	18	141
34	7	202	18	210
35	8	9	19	20
36	8	23	19	34
37	8	26	19	37
38	8	27	19	38
39	8	35	19	48
40	9	10	20	21
41	9	11	20	22
42	9	23	20	34
43	9	36	20	49
44	10	11	21	22
45	10	12	21	23
46	10	15	21	26
47	10	19	21	30
48	10	20	21	31
49	10	23	21	34
50	11	12	22	23
51	11	36	22	49
52	11	37	22	50
53	11	38	22	51
54	11	59	22	76
55	11	62	22	79
56	11	155	22	176
57	12	13	23	24
58	12	14	23	25
59	12	155	23	176
60	13	14	24	25
61	13	38	24	51
62	13	155	24	176
63	14	15	25	26
64	15	16	26	27
65	15	19	26	30
66	15	41	26	54
67	16	17	27	28
68	16	18	27	29
69	16	19	27	30
70	16	20	27	31
71	16	41	27	54
72	17	18	28	29
73	17	19	28	30
74	17	20	28	31
75	17	21	28	32
76	17	41	28	54
77	17	44	28	57
78	18	19	29	30
79	18	21	29	32
80	19	20	30	31
81	19	22	30	33
82	20	21	31	32
83	20	22	31	33
84	20	23	31	34
85	20	24	31	35
86	20	37	31	50
87	20	41	31	54
88	20	44	31	57
89	21	22	32	33
90	21	23	32	34
91	21	25	32	36
92	21	44	32	57
93	21	45	32	62
94	21	48	32	65
95	22	23	33	34
96	22	26	33	37
97	23	24	34	35
98	23	26	34	37
99	23	35	34	48
100	23	37	34	50
101	24	25	35	36
102	24	26	35	37
103	24	27	35	38
104	24	35	35	48
105	24	45	35	62
106	24	49	35	66
107	24	52	35	69
108	25	26	36	37
109	25	28	36	40
110	25	49	36	66
111	26	27	37	38
112	26	28	37	40
113	27	32	38	44
114	27	35	38	48
115	27	52	38	69
116	27	54	38	71
117	28	29	40	41
118	29	30	41	42
119	29	31	41	43
120	29	32	41	44
121	30	31	42	43
122	30	32	42	44
123	31	32	43	44
124	32	53	44	70
125	32	54	44	71
126	33	34	46	47
127	33	54	46	71
128	34	35	47	48
129	34	54	47	71
130	34	55	47	72
131	34	57	47	74
132	34	86	47	103
133	35	36	48	49
134	35	52	48	69
135	35	56	48	73
136	36	37	49	50
137	36	57	49	74
138	36	59	49	76
139	36	88	49	105
140	36	150	49	171
141	36	202	49	210
142	37	38	50	51
143	37	41	50	54
144	37	42	50	55
145	37	59	50	76
146	38	39	51	52
147	38	40	51	53
148	38	58	51	75
149	38	59	51	76
150	38	62	51	79
151	38	63	51	80
152	38	155	51	176
153	39	40	52	53
154	39	41	52	54
155	39	42	52	55
156	39	58	52	75
157	39	59	52	76
158	40	41	53	54
159	41	42	54	55
160	41	44	54	57
161	42	43	55	56
162	42	44	55	57
163	42	56	55	73
164	42	58	55	75
165	42	82	55	99
166	42	83	55	100
167	42	84	55	101
168	43	44	56	57
169	43	82	56	99
170	44	45	57	62
171	45	46	62	63
172	45	47	62	64
173	45	48	62	65
174	45	49	62	66
175	45	52	62	69
176	46	47	63	64
177	46	49	63	66
178	46	52	63	69
179	46	56	63	73
180	47	48	64	65
181	48	49	65	66
182	49	50	66	67
183	49	51	66	68
184	49	52	66	69
185	50	51	67	68
186	51	52	68	69
187	52	53	69	70
188	52	54	69	71
189	53	54	70	71
190	54	55	71	72
191	55	56	72	73
192	55	85	72	102
193	55	86	72	103
194	56	57	73	74
195	56	83	73	100
196	56	84	73	101
197	56	85	73	102
198	57	58	74	75
199	57	86	74	103
200	57	88	74	105
201	57	121	74	141
202	58	59	75	76
203	58	79	75	96
204	58	84	75	101
205	58	87	75	104
206	59	60	76	77
207	59	62	76	79
208	59	88	76	105
209	59	150	76	171
210	60	61	77	78
211	60	62	77	79
212	60	72	77	89
213	60	75	77	92
214	60	76	77	93
215	60	87	77	104
216	60	88	77	105
217	60	89	77	106
218	61	62	78	79
219	61	65	78	82
220	61	66	78	83
221	61	67	78	84
222	61	72	78	89
223	61	89	78	106
224	61	90	78	107
225	61	107	78	127
226	62	63	79	80
227	62	90	79	107
228	62	123	79	143
229	62	153	79	174
230	62	155	79	176
231	63	64	80	81
232	63	90	80	107
233	63	153	80	174
234	63	155	80	176
235	64	65	81	82
236	64	66	81	83
237	64	90	81	107
238	64	93	81	110
239	65	66	82	83
240	65	90	82	107
241	65	91	82	108
242	65	92	82	109
243	66	67	83	84
244	66	92	83	109
245	66	94	83	111
246	67	68	84	85
247	67	71	84	88
248	67	72	84	89
249	67	75	84	92
250	68	69	85	86
251	68	70	85	87
252	68	71	85	88
253	68	72	85	89
254	69	70	86	87
255	69	72	86	89
256	69	73	86	90
257	69	106	86	126
258	69	107	86	127
259	69	110	86	130
260	70	71	87	88
261	70	74	87	91
262	71	72	88	89
263	71	73	88	90
264	71	74	88	91
265	71	75	88	92
266	72	73	89	90
267	72	75	89	92
268	72	76	89	93
269	72	89	89	106
270	72	107	89	127
271	72	111	89	131
272	73	74	90	91
273	73	75	90	92
274	73	76	90	93
275	73	110	90	130
276	73	111	90	131
277	73	114	90	134
278	74	75	91	92
279	74	76	91	93
280	74	77	91	94
281	75	76	92	93
282	75	78	92	95
283	76	77	93	94
284	76	78	93	95
285	76	79	93	96
286	76	80	93	97
287	76	87	93	104
288	76	111	93	131
289	76	114	93	134
290	77	78	94	95
291	77	80	94	97
292	77	81	94	98
293	78	79	95	96
294	78	80	95	97
295	78	81	95	98
296	78	82	95	99
297	79	80	96	97
298	79	81	96	98
299	79	82	96	99
300	79	84	96	101
301	79	87	96	104
302	80	81	97	98
303	80	82	97	99
304	80	84	97	101
305	80	114	97	134
306	80	115	97	135
307	80	118	97	138
308	81	82	98	99
309	82	83	99	100
310	83	84	100	101
311	84	85	101	102
312	84	87	101	104
313	85	86	102	103
314	85	118	102	138
315	86	87	103	104
316	86	119	103	139
317	86	121	103	141
318	87	88	104	105
319	87	89	104	106
320	87	115	104	135
321	87	120	104	140
322	88	89	105	106
323	88	121	105	141
324	88	123	105	143
325	88	150	105	171
326	88	202	105	210
327	89	90	106	107
328	89	91	106	108
329	89	107	106	127
330	89	108	106	128
331	89	111	106	131
332	89	120	106	140
333	89	122	106	142
334	89	123	106	143
335	90	91	107	108
336	90	93	107	110
337	90	123	107	143
338	90	153	107	174
339	91	92	108	109
340	91	93	108	110
341	91	96	108	113
342	91	104	108	124
343	91	107	108	127
344	91	108	108	128
345	91	122	108	142
346	91	123	108	143
347	91	124	108	144
348	91	138	108	158
349	92	93	109	110
350	92	94	109	111
351	92	95	109	112
352	92	96	109	113
353	92	103	109	123
354	93	94	110	111
355	93	95	110	112
356	93	96	110	113
357	93	125	110	145
358	93	128	110	148
359	93	129	110	149
360	93	156	110	177
361	94	95	111	112
362	94	96	111	113
363	95	96	112	113
364	95	99	112	119
365	95	100	112	120
366	95	103	112	123
367	96	97	113	117
368	96	100	113	120
369	96	101	113	121
370	96	104	113	124
371	96	129	113	149
372	96	134	113	154
373	96	138	113	158
374	97	98	117	118
375	97	99	117	119
376	97	100	117	120
377	97	101	117	121
378	97	134	117	154
379	98	99	118	119
380	98	100	118	120
381	98	102	118	122
382	99	100	119	120
383	99	102	119	122
384	99	103	119	123
385	100	101	120	121
386	100	103	120	123
387	101	102	121	122
388	101	103	121	123
389	101	104	121	124
390	101	105	121	125
391	101	137	121	157
392	101	138	121	158
393	101	141	121	161
394	102	103	122	123
395	102	104	122	124
396	102	105	122	125
397	103	104	123	124
398	103	105	123	125
399	103	106	123	126
400	104	105	124	125
401	104	106	124	126
402	104	108	124	128
403	105	106	125	126
404	105	108	125	128
405	105	141	125	161
406	105	143	125	164
407	105	144	125	165
408	106	107	126	127
409	106	110	126	130
410	107	108	127	128
411	107	109	127	129
412	107	110	127	130
413	107	111	127	131
414	108	109	128	129
415	108	112	128	132
416	108	120	128	140
417	108	122	128	142
418	108	144	128	165
419	108	145	128	166
420	108	146	128	167
421	109	110	129	130
422	109	111	129	131
423	109	112	129	132
424	109	113	129	133
425	109	144	129	165
426	109	145	129	166
427	110	111	130	131
428	110	113	130	133
429	111	112	131	132
430	111	113	131	133
431	111	115	131	135
432	111	120	131	140
433	112	113	132	133
434	112	114	132	134
435	112	115	132	135
436	112	116	132	136
437	112	120	132	140
438	112	145	132	166
439	112	147	132	168
440	113	114	133	134
441	114	115	134	135
442	115	116	135	136
443	115	118	135	138
444	115	120	135	140
445	116	117	136	137
446	116	118	136	138
447	117	118	137	138
448	118	119	138	139
449	118	147	138	168
450	119	120	139	140
451	119	121	139	141
452	119	147	139	168
453	119	148	139	169
454	120	121	140	141
455	120	122	140	142
456	120	146	140	167
457	120	147	140	168
458	121	122	141	142
459	121	148	141	169
460	121	202	141	210
461	122	123	142	143
462	122	124	142	144
463	122	146	142	167
464	122	150	142	171
465	123	124	143	144
466	123	150	143	171
467	123	151	143	172
468	123	152	143	173
469	123	153	143	174
470	124	125	144	145
471	124	126	144	146
472	124	129	144	149
473	124	135	144	155
474	124	138	144	158
475	124	139	144	159
476	124	149	144	170
477	124	168	144	189
478	125	126	145	146
479	125	127	145	147
480	125	128	145	148
481	125	129	145	149
482	125	151	145	172
483	125	152	145	173
484	125	153	145	174
485	125	156	145	177
486	126	127	146	147
487	126	128	146	148
488	126	129	146	149
489	126	135	146	155
490	126	151	146	172
491	126	152	146	173
492	126	159	146	180
493	126	160	146	181
494	126	164	146	185
495	126	168	146	189
496	127	128	147	148
497	127	130	147	150
498	127	158	147	179
499	128	129	148	149
500	128	130	148	150
501	128	156	148	177
502	129	130	149	150
503	129	134	149	154
504	129	135	149	155
505	129	138	149	158
506	130	131	150	151
507	130	135	150	155
508	130	158	150	179
509	131	132	151	152
510	131	133	151	153
511	131	134	151	154
512	131	135	151	155
513	132	133	152	153
514	132	136	152	156
515	132	167	152	188
516	132	170	152	191
517	133	134	153	154
518	133	137	153	157
519	134	135	154	155
520	134	138	154	158
521	135	136	155	156
522	135	139	155	159
523	135	164	155	185
524	135	167	155	188
525	135	168	155	189
526	136	137	156	157
527	136	138	156	158
528	136	139	156	159
529	136	140	156	160
530	136	167	156	188
531	136	171	156	192
532	137	138	157	158
533	137	140	157	160
534	137	141	157	161
535	138	139	158	159
536	138	140	158	160
537	138	141	158	161
538	139	140	159	160
539	139	142	159	163
540	139	149	159	170
541	139	168	159	189
542	139	171	159	192
543	139	172	159	193
544	140	141	160	161
545	140	142	160	163
546	140	143	160	164
547	140	171	160	192
548	140	174	160	195
549	140	175	160	196
550	141	143	161	164
551	142	143	163	164
552	142	144	163	165
553	142	145	163	166
554	142	149	163	170
555	142	172	163	193
556	142	175	163	196
557	142	194	163	207
558	143	144	164	165
559	143	175	164	196
560	144	145	165	166
561	145	146	166	167
562	145	175	166	196
563	145	190	166	203
564	146	147	167	168
565	147	148	168	169
566	147	194	168	207
567	148	149	169	170
568	148	195	169	208
569	148	201	169	209
570	148	202	169	210
571	149	150	170	171
572	149	168	170	189
573	149	172	170	193
574	150	151	171	172
575	150	152	171	173
576	150	202	171	210
577	150	204	171	212
578	151	152	172	173
579	151	160	172	181
580	151	165	172	186
581	151	168	172	189
582	151	203	172	211
583	151	204	172	212
584	152	153	173	174
585	152	159	173	180
586	152	160	173	181
587	152	204	173	212
588	153	154	174	175
589	153	155	174	176
590	154	155	175	176
591	154	159	175	180
592	154	205	175	213
593	155	156	176	177
594	156	157	177	178
595	156	158	177	179
596	157	158	178	179
597	158	159	179	180
598	159	160	180	181
599	159	205	180	213
600	159	206	180	214
601	160	161	181	182
602	160	164	181	185
603	160	165	181	186
604	160	203	181	211
605	160	219	181	224
606	161	162	182	183
607	161	163	182	184
608	161	164	182	185
609	161	165	182	186
610	161	219	182	224
611	162	163	183	184
612	162	165	183	186
613	162	166	183	187
614	162	215	183	223
615	162	219	183	224
616	163	164	184	185
617	163	165	184	186
618	163	166	184	187
619	163	167	184	188
620	164	165	185	186
621	164	166	185	187
622	164	167	185	188
623	164	168	185	189
624	165	166	186	187
625	165	167	186	188
626	165	168	186	189
627	165	169	186	190
628	165	201	186	209
629	165	203	186	211
630	165	219	186	224
631	166	167	187	188
632	166	169	187	190
633	167	168	188	189
634	167	169	188	190
635	167	170	188	191
636	168	169	189	190
637	168	170	189	191
638	168	171	189	192
639	168	172	189	193
640	168	201	189	209
641	169	170	190	191
642	169	171	190	192
643	169	172	190	193
644	169	173	190	194
645	169	201	190	209
646	170	171	191	192
647	170	173	191	194
648	171	172	192	193
649	171	173	192	194
650	171	174	192	195
651	172	173	193	194
652	172	174	193	195
653	172	175	193	196
654	172	184	193	197
655	172	194	193	207
656	173	174	194	195
657	173	184	194	197
658	173	185	194	198
659	174	175	195	196
660	174	185	195	198
661	174	186	195	199
662	175	184	196	197
663	175	185	196	198
664	175	186	196	199
665	175	187	196	200
666	175	190	196	203
667	175	194	196	207
668	184	185	197	198
669	184	186	197	199
670	184	187	197	200
671	184	190	197	203
672	184	191	197	204
673	184	194	197	207
674	185	186	198	199
675	186	187	199	200
676	186	188	199	201
677	187	188	200	201
678	187	189	200	202
679	187	190	200	203
680	188	189	201	202
681	188	190	201	203
682	188	191	201	204
683	189	190	202	203
684	190	191	203	204
685	190	193	203	206
686	190	194	203	207
687	191	192	204	205
688	191	193	204	206
689	192	193	205	206
690	193	194	206	207
691	194	195	207	208
692	195	201	208	209
693	201	202	209	210
694	201	203	209	211
695	202	203	210	211
696	202	204	210	212
697	203	204	211	212
698	203	207	211	215
699	203	219	211	224
700	204	205	212	213
701	205	206	213	214
702	205	207	213	215
703	206	207	214	215
704	207	208	215	216
705	207	212	215	220
706	207	213	215	221
707	207	219	215	224
708	208	209	216	217
709	209	210	217	218
710	209	211	217	219
711	209	212	217	220
712	210	211	218	219
713	210	212	218	220
714	210	213	218	221
715	210	214	218	222
716	211	212	219	220
717	211	214	219	222
718	212	213	220	221
719	212	214	220	222
720	212	215	220	223
721	212	219	220	224
722	213	214	221	222
723	213	215	221	223
724	214	215	222	223
725	214	219	222	224
726	215	219	223	224
