# chimera	E
1111111	0
1111112	6
1111121	5
1111122	11
1111211	18
1111212	14
1111221	13
1111222	9
1112111	11
1112112	17
1112121	16
1112122	22
1112211	13
1112212	9
1112221	8
1112222	4
1121111	10
1121112	16
1121121	15
1121122	21
1121211	28
1121212	24
1121221	23
1121222	19
1122111	15
1122112	21
1122121	20
1122122	26
1122211	17
1122212	13
1122221	12
1122222	8
1211111	11
1211112	17
1211121	16
1211122	22
1211211	29
1211212	25
1211221	24
1211222	20
1212111	22
1212112	28
1212121	27
1212122	33
1212211	24
1212212	20
1212221	19
1212222	15
1221111	7
1221112	13
1221121	12
1221122	18
1221211	25
1221212	21
1221221	20
1221222	16
1222111	12
1222112	18
1222121	17
1222122	23
1222211	14
1222212	10
1222221	9
1222222	5
2111111	5
2111112	9
2111121	10
2111122	14
2111211	23
2111212	17
2111221	18
2111222	12
2112111	16
2112112	20
2112121	21
2112122	25
2112211	18
2112212	12
2112221	13
2112222	7
2121111	15
2121112	19
2121121	20
2121122	24
2121211	33
2121212	27
2121221	28
2121222	22
2122111	20
2122112	24
2122121	25
2122122	29
2122211	22
2122212	16
2122221	17
2122222	11
2211111	8
2211112	12
2211121	13
2211122	17
2211211	26
2211212	20
2211221	21
2211222	15
2212111	19
2212112	23
2212121	24
2212122	28
2212211	21
2212212	15
2212221	16
2212222	10
2221111	4
2221112	8
2221121	9
2221122	13
2221211	22
2221212	16
2221221	17
2221222	11
2222111	9
2222112	13
2222121	14
2222122	18
2222211	11
2222212	5
2222221	6
2222222	0
# Average disruption <E> = 16.5000
